1.17E-40	0.843370051	1	0.894	3.38E-36	EarlyEpi	ENSMODG00000001008
1.96E-26	0.815544044	0.94	0.733	5.64E-22	EarlyEpi	ENSMODG00000027806
1.60E-36	0.799179427	1	0.802	4.62E-32	EarlyEpi	ENSMODG00000010831
1.14E-24	0.793887019	1	0.917	3.29E-20	EarlyEpi	ENSMODG00000018479
7.84E-30	0.786873281	1	0.671	2.26E-25	EarlyEpi	ENSMODG00000017979
2.67E-29	0.7792969	0.988	0.676	7.70E-25	EarlyEpi	ENSMODG00000019463
1.67E-37	0.775788038	0.988	0.62	4.81E-33	EarlyEpi	ENSMODG00000012783
6.83E-41	0.770605776	0.988	0.702	1.97E-36	EarlyEpi	ENSMODG00000016760
1.60E-36	0.765895426	1	1	4.60E-32	EarlyEpi	ENSMODG00000002653
1.09E-26	0.710371364	1	0.985	3.13E-22	EarlyEpi	ENSMODG00000017269
2.43E-26	0.702048986	1	0.989	7.00E-22	EarlyEpi	ENSMODG00000002756
2.10E-20	0.683810369	1	0.94	6.05E-16	EarlyEpi	ENSMODG00000020815
4.10E-26	0.681058918	1	0.944	1.18E-21	EarlyEpi	ENSMODG00000034463
3.31E-27	0.650206003	1	0.949	9.54E-23	EarlyEpi	ENSMODG00000024972
6.55E-29	0.650008058	1	0.977	1.89E-24	EarlyEpi	ENSMODG00000001678
1.65E-23	0.594982789	1	0.976	4.76E-19	EarlyEpi	ENSMODG00000007799
2.38E-26	0.580802286	1	1	6.85E-22	EarlyEpi	ENSMODG00000027768
2.16E-28	0.572814439	1	0.852	6.23E-24	EarlyEpi	ENSMODG00000013615
1.72E-23	0.571681447	1	0.746	4.96E-19	EarlyEpi	ENSMODG00000009522
1.14E-27	0.568593388	1	0.836	3.30E-23	EarlyEpi	ENSMODG00000003594
4.95E-21	0.565891424	0.988	0.726	1.43E-16	EarlyEpi	ENSMODG00000003761
6.84E-24	0.561439462	0.988	0.894	1.97E-19	EarlyEpi	ENSMODG00000018083
4.53E-27	0.559491158	1	0.992	1.31E-22	EarlyEpi	ENSMODG00000002481
3.57E-11	0.551043833	1	0.997	1.03E-06	EarlyEpi	ENSMODG00000000572
2.82E-27	0.539585962	1	1	8.12E-23	EarlyEpi	ENSMODG00000013152
4.10E-33	0.528631858	1	0.874	1.18E-28	EarlyEpi	ENSMODG00000005120
2.69E-21	0.526655432	1	0.687	7.76E-17	EarlyEpi	ENSMODG00000015540
8.64E-20	0.52549104	1	0.964	2.49E-15	EarlyEpi	ENSMODG00000018427
3.58E-26	0.521691258	0.988	0.676	1.03E-21	EarlyEpi	ENSMODG00000018530
4.99E-30	0.518425776	0.94	0.628	1.44E-25	EarlyEpi	ENSMODG00000010523
7.23E-21	0.517916827	1	0.995	2.08E-16	EarlyEpi	ENSMODG00000029345
1.70E-17	0.506781043	1	0.988	4.89E-13	EarlyEpi	ENSMODG00000011590
2.92E-25	0.505469491	1	0.985	8.40E-21	EarlyEpi	ENSMODG00000001770
2.76E-17	0.497978299	1	0.933	7.96E-13	EarlyEpi	ENSMODG00000001163
3.34E-25	0.477319606	1	0.996	9.62E-21	EarlyEpi	ENSMODG00000016325
1.63E-27	0.462206166	0.988	0.897	4.69E-23	EarlyEpi	ENSMODG00000008572
1.20E-20	0.45928024	1	0.886	3.47E-16	EarlyEpi	ENSMODG00000017971
6.67E-13	0.457229508	0.833	0.631	1.92E-08	EarlyEpi	ENSMODG00000023964
2.05E-21	0.451837146	0.988	0.91	5.91E-17	EarlyEpi	ENSMODG00000016186
9.75E-25	0.45123315	1	0.976	2.81E-20	EarlyEpi	ENSMODG00000010941
3.63E-18	0.449136494	1	0.952	1.05E-13	EarlyEpi	ENSMODG00000018603
7.17E-27	0.448370825	0.988	0.794	2.07E-22	EarlyEpi	ENSMODG00000013963
4.15E-22	0.433865809	1	1	1.20E-17	EarlyEpi	ENSMODG00000005589
9.10E-19	0.425767928	1	0.995	2.62E-14	EarlyEpi	ENSMODG00000013321
2.61E-27	0.421648348	1	0.993	7.51E-23	EarlyEpi	ENSMODG00000005329
2.00E-21	0.420680514	1	0.997	5.77E-17	EarlyEpi	ENSMODG00000019447
1.67E-13	0.411361181	1	0.873	4.81E-09	EarlyEpi	ENSMODG00000023521
1.71E-18	0.41050068	1	0.91	4.94E-14	EarlyEpi	ENSMODG00000028574
1.89E-20	0.409572098	1	0.971	5.44E-16	EarlyEpi	ENSMODG00000018288
2.15E-27	0.407776792	0.988	0.802	6.18E-23	EarlyEpi	ENSMODG00000017995
4.65E-23	0.405475839	1	0.996	1.34E-18	EarlyEpi	ENSMODG00000005339
1.33E-16	0.396568195	1	0.993	3.84E-12	EarlyEpi	ENSMODG00000018163
6.04E-17	0.395037241	1	0.981	1.74E-12	EarlyEpi	ENSMODG00000018354
5.62E-22	0.392471639	1	0.977	1.62E-17	EarlyEpi	ENSMODG00000010090
1.09E-16	0.392251735	0.988	0.926	3.14E-12	EarlyEpi	ENSMODG00000004669
1.45E-11	0.386736394	1	1	4.18E-07	EarlyEpi	ENSMODG00000001889
4.65E-10	0.386505847	1	0.897	1.34E-05	EarlyEpi	ENSMODG00000000309
1.42E-15	0.38562621	1	0.973	4.11E-11	EarlyEpi	ENSMODG00000021001
4.08E-18	0.384167053	1	0.934	1.18E-13	EarlyEpi	ENSMODG00000006498
3.38E-22	0.38354215	1	1	9.74E-18	EarlyEpi	ENSMODG00000023995
4.52E-09	0.383468828	1	0.983	0.000130264	EarlyEpi	ENSMODG00000001883
9.71E-11	0.382817682	0.94	0.866	2.80E-06	EarlyEpi	ENSMODG00000024846
1.21E-26	0.381683142	0.845	0.443	3.48E-22	EarlyEpi	ENSMODG00000005460
4.49E-24	0.379596036	0.929	0.635	1.29E-19	EarlyEpi	ENSMODG00000007395
2.49E-16	0.377810744	1	0.932	7.17E-12	EarlyEpi	ENSMODG00000015850
2.45E-18	0.371045954	1	0.996	7.05E-14	EarlyEpi	ENSMODG00000001129
5.70E-23	0.370545677	1	0.947	1.64E-18	EarlyEpi	ENSMODG00000010944
3.11E-06	0.35999707	1	0.971	0.089567846	EarlyEpi	ENSMODG00000024547
9.31E-14	0.359608791	1	0.984	2.68E-09	EarlyEpi	ENSMODG00000006193
6.75E-10	0.355192216	1	0.964	1.94E-05	EarlyEpi	ENSMODG00000000207
1.27E-16	0.353750826	0.881	0.652	3.65E-12	EarlyEpi	ENSMODG00000019309
1.49E-16	0.352077187	0.929	0.623	4.29E-12	EarlyEpi	ENSMODG00000017480
1.56E-14	0.350061374	0.976	0.945	4.49E-10	EarlyEpi	ENSMODG00000017085
2.21E-15	0.348912661	0.869	0.559	6.36E-11	EarlyEpi	ENSMODG00000003900
1.67E-15	0.347775535	0.726	0.42	4.81E-11	EarlyEpi	ENSMODG00000025275
5.62E-13	0.346513968	1	0.993	1.62E-08	EarlyEpi	ENSMODG00000004217
9.87E-13	0.346394994	1	0.997	2.84E-08	EarlyEpi	ENSMODG00000016579
5.23E-18	0.346168762	1	0.997	1.51E-13	EarlyEpi	ENSMODG00000015986
1.23E-12	0.344973042	1	1	3.54E-08	EarlyEpi	ENSMODG00000014661
6.65E-15	0.342540321	0.94	0.82	1.92E-10	EarlyEpi	ENSMODG00000018275
6.60E-13	0.342106445	1	1	1.90E-08	EarlyEpi	ENSMODG00000002150
3.85E-15	0.339869418	1	0.997	1.11E-10	EarlyEpi	ENSMODG00000012984
2.79E-21	0.339846746	1	0.959	8.05E-17	EarlyEpi	ENSMODG00000016462
1.52E-10	0.336992483	1	1	4.39E-06	EarlyEpi	ENSMODG00000006787
1.42E-20	0.332832426	1	0.995	4.08E-16	EarlyEpi	ENSMODG00000021462
1.85E-17	0.332011177	0.655	0.282	5.33E-13	EarlyEpi	ENSMODG00000006199
3.71E-12	0.329805139	0.988	0.964	1.07E-07	EarlyEpi	ENSMODG00000012821
2.45E-18	0.328879276	1	1	7.05E-14	EarlyEpi	ENSMODG00000014740
2.42E-10	0.328323325	1	0.971	6.98E-06	EarlyEpi	ENSMODG00000011543
2.83E-15	0.328206835	0.952	0.936	8.17E-11	EarlyEpi	ENSMODG00000018604
1.48E-20	0.324919769	1	0.992	4.25E-16	EarlyEpi	ENSMODG00000025696
6.10E-21	0.320563721	0.988	0.771	1.76E-16	EarlyEpi	ENSMODG00000015187
3.93E-15	0.314550394	1	0.996	1.13E-10	EarlyEpi	ENSMODG00000000755
1.27E-08	0.311151274	1	0.981	0.000364812	EarlyEpi	ENSMODG00000019534
2.98E-12	0.309935221	1	0.997	8.59E-08	EarlyEpi	ENSMODG00000004579
1.20E-19	0.305991629	0.988	0.9	3.44E-15	EarlyEpi	ENSMODG00000008371
4.87E-12	0.302281541	0.881	0.821	1.40E-07	EarlyEpi	ENSMODG00000014642
1.49E-10	0.300854489	1	0.999	4.29E-06	EarlyEpi	ENSMODG00000017760
1.94E-15	0.297856662	1	0.995	5.58E-11	EarlyEpi	ENSMODG00000002223
3.49E-10	0.29765563	1	1	1.01E-05	EarlyEpi	ENSMODG00000006515
1.47E-12	0.297381561	0.798	0.598	4.24E-08	EarlyEpi	ENSMODG00000005916
1.63E-21	0.293247775	0.976	0.746	4.70E-17	EarlyEpi	ENSMODG00000019381
3.73E-13	0.292461468	1	0.969	1.07E-08	EarlyEpi	ENSMODG00000034000
5.56E-13	0.292336598	1	0.997	1.60E-08	EarlyEpi	ENSMODG00000014943
1.78E-13	0.292256466	1	0.999	5.14E-09	EarlyEpi	ENSMODG00000005040
4.93E-12	0.291122468	1	0.953	1.42E-07	EarlyEpi	ENSMODG00000013682
2.17E-25	0.291066244	1	0.902	6.27E-21	EarlyEpi	ENSMODG00000012054
4.02E-14	0.289457813	1	1	1.16E-09	EarlyEpi	ENSMODG00000009171
1.40E-07	0.288153758	1	0.995	0.004041915	EarlyEpi	ENSMODG00000024572
6.58E-20	0.287263637	1	0.999	1.90E-15	EarlyEpi	ENSMODG00000001217
1.51E-16	0.286254378	1	0.993	4.35E-12	EarlyEpi	ENSMODG00000005476
2.70E-13	0.285131025	1	1	7.78E-09	EarlyEpi	ENSMODG00000000391
2.26E-08	0.283814259	1	1	0.000652434	EarlyEpi	ENSMODG00000002234
3.93E-09	0.281361403	1	0.999	0.000113395	EarlyEpi	ENSMODG00000008679
5.62E-15	0.280385809	1	0.999	1.62E-10	EarlyEpi	ENSMODG00000004476
4.86E-09	0.280281206	1	0.999	0.000140007	EarlyEpi	ENSMODG00000002470
1.45E-11	0.280119402	1	1	4.18E-07	EarlyEpi	ENSMODG00000011642
4.08E-10	0.279899038	0.988	0.941	1.18E-05	EarlyEpi	ENSMODG00000015967
1.91E-16	0.279070379	1	1	5.51E-12	EarlyEpi	ENSMODG00000008993
1.64E-19	0.278873204	0.905	0.699	4.73E-15	EarlyEpi	ENSMODG00000000378
5.13E-13	0.277614391	1	0.983	1.48E-08	EarlyEpi	ENSMODG00000007194
4.02E-09	0.277466095	1	0.928	0.000115824	EarlyEpi	ENSMODG00000000545
1.73E-09	0.277058797	1	0.969	4.98E-05	EarlyEpi	ENSMODG00000015204
3.87E-11	0.276316647	1	0.997	1.12E-06	EarlyEpi	ENSMODG00000019586
6.43E-13	0.275921677	0.988	0.957	1.85E-08	EarlyEpi	ENSMODG00000017290
2.80E-16	0.274508527	1	1	8.08E-12	EarlyEpi	ENSMODG00000003384
1.13E-06	0.273163933	1	0.948	0.032452337	EarlyEpi	ENSMODG00000003119
1.28E-14	0.271285617	1	1	3.70E-10	EarlyEpi	ENSMODG00000012958
3.35E-13	0.269508677	1	0.983	9.67E-09	EarlyEpi	ENSMODG00000005044
1.99E-14	0.26793555	0.988	0.865	5.75E-10	EarlyEpi	ENSMODG00000006340
5.46E-13	0.266946427	1	0.991	1.57E-08	EarlyEpi	ENSMODG00000011500
2.93E-13	0.266441925	1	1	8.45E-09	EarlyEpi	ENSMODG00000013940
9.22E-08	0.26566269	1	0.983	0.00265596	EarlyEpi	ENSMODG00000015227
2.27E-12	0.265640023	1	0.972	6.56E-08	EarlyEpi	ENSMODG00000021198
1.79E-10	0.262340012	1	0.988	5.16E-06	EarlyEpi	ENSMODG00000017601
2.66E-12	0.261399238	1	1	7.68E-08	EarlyEpi	ENSMODG00000013408
7.57E-07	0.261313483	0.881	0.723	0.021827077	EarlyEpi	ENSMODG00000006360
7.17E-10	0.260904712	1	0.975	2.07E-05	EarlyEpi	ENSMODG00000004041
5.07E-16	0.260773954	0.988	0.993	1.46E-11	EarlyEpi	ENSMODG00000018822
2.46E-10	0.260343969	1	0.973	7.09E-06	EarlyEpi	ENSMODG00000005158
1.66E-10	0.260075099	1	0.969	4.77E-06	EarlyEpi	ENSMODG00000010275
1.69E-09	0.259537182	1	0.977	4.86E-05	EarlyEpi	ENSMODG00000007636
9.89E-16	0.258448117	0.988	0.94	2.85E-11	EarlyEpi	ENSMODG00000010045
1.36E-11	0.257599951	1	0.999	3.93E-07	EarlyEpi	ENSMODG00000016352
3.08E-15	0.257160655	0.988	0.979	8.89E-11	EarlyEpi	ENSMODG00000012872
7.17E-09	0.257030218	1	0.969	0.000206624	EarlyEpi	ENSMODG00000012451
5.44E-10	0.256482722	1	1	1.57E-05	EarlyEpi	ENSMODG00000000603
1.43E-07	0.256061401	0.881	0.842	0.004116065	EarlyEpi	ENSMODG00000019496
2.56E-09	0.255873761	0.976	0.876	7.38E-05	EarlyEpi	ENSMODG00000013649
1.10E-13	0.25539069	1	0.985	3.18E-09	EarlyEpi	ENSMODG00000008180
2.28E-09	0.25432038	1	0.999	6.57E-05	EarlyEpi	ENSMODG00000001098
3.83E-09	0.253536569	1	0.995	0.000110476	EarlyEpi	ENSMODG00000008952
9.64E-09	0.253073761	0.976	0.93	0.000277941	EarlyEpi	ENSMODG00000015815
6.59E-14	0.252544074	0.964	0.949	1.90E-09	EarlyEpi	ENSMODG00000000383
5.33E-13	0.252454732	1	1	1.54E-08	EarlyEpi	ENSMODG00000002283
2.90E-10	0.250297678	0.988	0.953	8.36E-06	EarlyEpi	ENSMODG00000011648
2.98E-57	1.719364028	1	0.68	8.60E-53	Epiblast	ENSMODG00000015540
2.36E-56	1.512705102	1	0.811	6.81E-52	Epiblast	ENSMODG00000018428
6.13E-58	1.386354265	1	0.704	1.77E-53	Epiblast	ENSMODG00000003578
3.75E-54	1.380897363	1	0.93	1.08E-49	Epiblast	ENSMODG00000015850
5.87E-52	1.363191629	1	0.915	1.69E-47	Epiblast	ENSMODG00000018479
4.54E-55	1.277396118	1	0.74	1.31E-50	Epiblast	ENSMODG00000009522
7.06E-55	1.277288847	1	0.997	2.04E-50	Epiblast	ENSMODG00000014943
2.02E-54	1.191441521	1	0.943	5.83E-50	Epiblast	ENSMODG00000034463
1.38E-56	1.183937346	1	0.971	3.99E-52	Epiblast	ENSMODG00000021198
2.87E-68	1.15667749	1	0.374	8.26E-64	Epiblast	ENSMODG00000025319
2.63E-45	1.129881164	1	0.701	7.58E-41	Epiblast	ENSMODG00000016006
7.17E-62	1.09654739	0.98	0.309	2.07E-57	Epiblast	ENSMODG00000005964
3.36E-76	1.076612104	0.99	0.255	9.67E-72	Epiblast	ENSMODG00000012599
5.52E-50	1.060598115	1	0.664	1.59E-45	Epiblast	ENSMODG00000017979
1.41E-55	1.049463227	1	0.992	4.07E-51	Epiblast	ENSMODG00000012176
6.21E-50	1.043833662	1	0.952	1.79E-45	Epiblast	ENSMODG00000013682
4.64E-67	1.036311821	1	0.354	1.34E-62	Epiblast	ENSMODG00000018184
1.81E-46	1.030334377	1	0.87	5.21E-42	Epiblast	ENSMODG00000023521
4.60E-50	1.027174321	1	0.719	1.33E-45	Epiblast	ENSMODG00000003761
1.40E-51	1.023964768	1	0.866	4.04E-47	Epiblast	ENSMODG00000009804
1.98E-42	1.012076679	0.99	0.788	5.71E-38	Epiblast	ENSMODG00000021220
7.88E-48	1.011652901	1	0.668	2.27E-43	Epiblast	ENSMODG00000019463
9.88E-50	1.006393582	1	0.999	2.85E-45	Epiblast	ENSMODG00000005040
2.20E-46	0.95500576	1	0.999	6.35E-42	Epiblast	ENSMODG00000009521
2.07E-49	0.93525205	1	0.995	5.96E-45	Epiblast	ENSMODG00000029345
4.76E-52	0.92864525	1	0.908	1.37E-47	Epiblast	ENSMODG00000028574
4.87E-54	0.928018905	1	0.997	1.40E-49	Epiblast	ENSMODG00000019447
1.99E-52	0.924031517	1	0.989	5.72E-48	Epiblast	ENSMODG00000008126
1.65E-49	0.923522517	1	0.948	4.74E-45	Epiblast	ENSMODG00000021269
3.78E-54	0.917678647	1	0.668	1.09E-49	Epiblast	ENSMODG00000018530
4.67E-48	0.909350661	1	0.975	1.35E-43	Epiblast	ENSMODG00000007799
1.64E-28	0.836871241	1	0.982	4.72E-24	Epiblast	ENSMODG00000009417
4.63E-41	0.815304329	1	0.952	1.33E-36	Epiblast	ENSMODG00000007539
1.57E-49	0.787946501	1	0.607	4.52E-45	Epiblast	ENSMODG00000017480
2.48E-54	0.787224454	1	0.999	7.14E-50	Epiblast	ENSMODG00000015811
5.43E-89	0.781804379	0.91	0.101	1.56E-84	Epiblast	ENSMODG00000010183
9.94E-52	0.776016356	1	0.99	2.86E-47	Epiblast	ENSMODG00000014175
9.96E-53	0.763883447	0.99	0.57	2.87E-48	Epiblast	ENSMODG00000017688
1.24E-48	0.752740062	1	0.997	3.57E-44	Epiblast	ENSMODG00000012984
1.55E-55	0.748818422	0.99	0.454	4.46E-51	Epiblast	ENSMODG00000013161
1.87E-50	0.734944461	1	0.898	5.38E-46	Epiblast	ENSMODG00000003472
2.83E-44	0.734324014	1	0.902	8.16E-40	Epiblast	ENSMODG00000011664
8.75E-48	0.722363134	1	0.492	2.52E-43	Epiblast	ENSMODG00000002641
1.58E-47	0.712062708	1	1	4.55E-43	Epiblast	ENSMODG00000005589
1.17E-35	0.710622297	1	0.999	3.37E-31	Epiblast	ENSMODG00000020100
1.80E-51	0.710345373	1	1	5.18E-47	Epiblast	ENSMODG00000020686
1.02E-64	0.70113305	0.95	0.254	2.93E-60	Epiblast	ENSMODG00000010184
1.76E-54	0.700279626	1	0.52	5.08E-50	Epiblast	ENSMODG00000025608
8.22E-32	0.691292641	1	0.985	2.37E-27	Epiblast	ENSMODG00000017269
3.78E-57	0.685117165	0.99	0.448	1.09E-52	Epiblast	ENSMODG00000009028
4.16E-50	0.678956182	1	0.765	1.20E-45	Epiblast	ENSMODG00000015187
9.19E-46	0.674198039	1	0.974	2.65E-41	Epiblast	ENSMODG00000004041
4.80E-43	0.671893302	1	0.917	1.38E-38	Epiblast	ENSMODG00000002753
2.64E-47	0.66364416	1	1	7.62E-43	Epiblast	ENSMODG00000002687
7.77E-40	0.659687293	1	0.973	2.24E-35	Epiblast	ENSMODG00000004055
3.19E-37	0.658985672	1	0.848	9.20E-33	Epiblast	ENSMODG00000003363
2.49E-49	0.651885804	1	0.993	7.16E-45	Epiblast	ENSMODG00000014209
2.49E-54	0.651864674	1	0.997	7.19E-50	Epiblast	ENSMODG00000011893
1.34E-40	0.64041304	1	0.993	3.86E-36	Epiblast	ENSMODG00000003737
4.11E-40	0.639871906	1	0.981	1.18E-35	Epiblast	ENSMODG00000018354
2.56E-42	0.639500803	1	0.956	7.38E-38	Epiblast	ENSMODG00000008003
1.88E-52	0.635069337	1	1	5.42E-48	Epiblast	ENSMODG00000015247
7.28E-49	0.624409881	0.98	0.537	2.10E-44	Epiblast	ENSMODG00000003900
1.01E-27	0.622288039	1	1	2.91E-23	Epiblast	ENSMODG00000018066
3.13E-53	0.611820985	1	1	9.03E-49	Epiblast	ENSMODG00000007352
5.25E-45	0.610011138	0.98	0.749	1.51E-40	Epiblast	ENSMODG00000004604
2.35E-44	0.606495625	1	0.992	6.78E-40	Epiblast	ENSMODG00000018481
1.67E-18	0.601852771	1	0.997	4.83E-14	Epiblast	ENSMODG00000000572
6.25E-33	0.594225956	1	0.992	1.80E-28	Epiblast	ENSMODG00000019259
5.83E-33	0.583259924	1	0.999	1.68E-28	Epiblast	ENSMODG00000001098
8.07E-33	0.57702669	1	1	2.33E-28	Epiblast	ENSMODG00000006522
2.93E-45	0.575169215	1	0.949	8.45E-41	Epiblast	ENSMODG00000006947
5.83E-36	0.573374915	1	0.99	1.68E-31	Epiblast	ENSMODG00000014027
5.41E-52	0.571593514	1	1	1.56E-47	Epiblast	ENSMODG00000016199
1.65E-43	0.57067095	1	1	4.75E-39	Epiblast	ENSMODG00000013940
8.49E-25	0.564850644	1	0.948	2.45E-20	Epiblast	ENSMODG00000024972
2.69E-34	0.559818834	1	0.884	7.76E-30	Epiblast	ENSMODG00000017971
4.42E-43	0.558596858	1	0.96	1.27E-38	Epiblast	ENSMODG00000008774
1.66E-34	0.551232036	1	1	4.79E-30	Epiblast	ENSMODG00000004304
2.15E-48	0.550681049	1	0.899	6.19E-44	Epiblast	ENSMODG00000012046
5.71E-29	0.542527604	1	0.996	1.64E-24	Epiblast	ENSMODG00000008156
4.71E-47	0.541695745	1	0.977	1.36E-42	Epiblast	ENSMODG00000019450
7.25E-40	0.538818866	1	1	2.09E-35	Epiblast	ENSMODG00000014740
4.68E-28	0.536264127	1	0.993	1.35E-23	Epiblast	ENSMODG00000004217
1.93E-40	0.534400664	1	0.999	5.55E-36	Epiblast	ENSMODG00000025240
6.74E-27	0.522414543	1	0.996	1.94E-22	Epiblast	ENSMODG00000001129
3.00E-36	0.521365384	1	0.907	8.64E-32	Epiblast	ENSMODG00000010768
2.60E-36	0.51965107	1	1	7.50E-32	Epiblast	ENSMODG00000005204
1.08E-50	0.516798515	0.99	0.575	3.11E-46	Epiblast	ENSMODG00000001017
7.27E-26	0.514833245	1	0.997	2.10E-21	Epiblast	ENSMODG00000004579
7.92E-38	0.511612928	1	0.754	2.28E-33	Epiblast	ENSMODG00000010468
1.64E-29	0.50961254	0.99	0.904	4.74E-25	Epiblast	ENSMODG00000013726
1.42E-38	0.507810705	0.99	0.977	4.08E-34	Epiblast	ENSMODG00000012823
1.31E-37	0.506685973	1	0.958	3.76E-33	Epiblast	ENSMODG00000016462
4.70E-44	0.504610178	1	0.963	1.36E-39	Epiblast	ENSMODG00000016355
3.00E-69	0.502546601	0.97	0.245	8.66E-65	Epiblast	ENSMODG00000007441
7.41E-54	0.502471998	1	0.997	2.14E-49	Epiblast	ENSMODG00000035196
5.13E-64	0.496685618	0.97	0.301	1.48E-59	Epiblast	ENSMODG00000000881
1.54E-49	0.494691926	0.98	0.579	4.43E-45	Epiblast	ENSMODG00000024585
1.11E-41	0.492407382	1	0.749	3.19E-37	Epiblast	ENSMODG00000018382
1.81E-46	0.491853466	1	0.999	5.21E-42	Epiblast	ENSMODG00000013117
5.18E-52	0.489932581	1	0.831	1.49E-47	Epiblast	ENSMODG00000021513
4.92E-46	0.489431623	0.99	0.643	1.42E-41	Epiblast	ENSMODG00000014159
2.24E-36	0.489079754	0.97	0.46	6.46E-32	Epiblast	ENSMODG00000013711
3.19E-30	0.486628107	1	0.999	9.20E-26	Epiblast	ENSMODG00000011980
8.28E-45	0.486498213	0.98	0.649	2.39E-40	Epiblast	ENSMODG00000000771
5.44E-20	0.483473467	1	0.977	1.57E-15	Epiblast	ENSMODG00000001678
1.97E-28	0.482990764	1	0.962	5.69E-24	Epiblast	ENSMODG00000012821
9.61E-44	0.482879002	0.98	0.806	2.77E-39	Epiblast	ENSMODG00000000984
1.61E-48	0.48266094	1	1	4.64E-44	Epiblast	ENSMODG00000007222
2.42E-41	0.481647567	1	0.996	6.98E-37	Epiblast	ENSMODG00000019002
1.47E-20	0.481286953	1	1	4.24E-16	Epiblast	ENSMODG00000006544
8.56E-33	0.478295639	1	1	2.47E-28	Epiblast	ENSMODG00000013408
4.26E-41	0.476505431	1	0.977	1.23E-36	Epiblast	ENSMODG00000010863
4.11E-43	0.473283618	0.99	0.82	1.18E-38	Epiblast	ENSMODG00000016458
4.46E-62	0.47160142	0.91	0.212	1.29E-57	Epiblast	ENSMODG00000024066
3.87E-41	0.4666241	1	0.85	1.12E-36	Epiblast	ENSMODG00000003461
1.26E-46	0.466196893	0.98	0.489	3.63E-42	Epiblast	ENSMODG00000025298
2.24E-19	0.465230953	1	0.996	6.45E-15	Epiblast	ENSMODG00000001895
4.56E-46	0.464276124	0.99	0.783	1.31E-41	Epiblast	ENSMODG00000020593
3.08E-33	0.461829287	1	0.996	8.89E-29	Epiblast	ENSMODG00000012573
9.97E-37	0.461545578	1	0.971	2.87E-32	Epiblast	ENSMODG00000006271
1.32E-57	0.461008061	0.99	0.35	3.79E-53	Epiblast	ENSMODG00000015761
1.70E-45	0.460140117	1	0.94	4.89E-41	Epiblast	ENSMODG00000005696
1.27E-35	0.459653525	1	0.796	3.65E-31	Epiblast	ENSMODG00000017995
8.27E-47	0.459103174	1	0.966	2.38E-42	Epiblast	ENSMODG00000018653
5.96E-44	0.458251132	1	0.486	1.72E-39	Epiblast	ENSMODG00000020568
7.94E-39	0.457423208	1	0.977	2.29E-34	Epiblast	ENSMODG00000011052
3.81E-50	0.457019204	1	1	1.10E-45	Epiblast	ENSMODG00000025105
4.53E-47	0.455197255	1	0.642	1.31E-42	Epiblast	ENSMODG00000005008
9.06E-34	0.453271043	1	0.929	2.61E-29	Epiblast	ENSMODG00000018604
3.69E-23	0.452597309	1	0.996	1.06E-18	Epiblast	ENSMODG00000012885
1.23E-43	0.451220018	1	0.73	3.55E-39	Epiblast	ENSMODG00000021245
1.64E-31	0.449615604	1	0.973	4.72E-27	Epiblast	ENSMODG00000005158
4.51E-66	0.447200455	0.87	0.168	1.30E-61	Epiblast	ENSMODG00000007429
1.51E-43	0.441484464	1	1	4.35E-39	Epiblast	ENSMODG00000005299
8.71E-45	0.439648048	1	0.997	2.51E-40	Epiblast	ENSMODG00000001513
1.48E-46	0.437423377	0.97	0.533	4.26E-42	Epiblast	ENSMODG00000007188
7.77E-46	0.43467997	0.99	0.404	2.24E-41	Epiblast	ENSMODG00000003284
1.81E-33	0.432590535	1	1	5.22E-29	Epiblast	ENSMODG00000015891
2.11E-35	0.432500564	1	0.993	6.08E-31	Epiblast	ENSMODG00000017404
3.23E-30	0.432224816	1	0.959	9.31E-26	Epiblast	ENSMODG00000006289
2.11E-41	0.431314804	1	0.978	6.08E-37	Epiblast	ENSMODG00000001064
3.28E-33	0.430546767	1	0.945	9.45E-29	Epiblast	ENSMODG00000009016
9.01E-35	0.429838251	0.98	0.691	2.60E-30	Epiblast	ENSMODG00000020258
1.56E-40	0.42786452	1	0.619	4.48E-36	Epiblast	ENSMODG00000007395
6.84E-30	0.426263332	0.99	0.701	1.97E-25	Epiblast	ENSMODG00000003728
4.29E-37	0.425445609	1	0.997	1.24E-32	Epiblast	ENSMODG00000011895
1.13E-30	0.424981101	1	0.982	3.25E-26	Epiblast	ENSMODG00000005044
7.91E-38	0.424656708	0.99	0.762	2.28E-33	Epiblast	ENSMODG00000005956
4.84E-42	0.424476553	0.99	0.757	1.40E-37	Epiblast	ENSMODG00000015238
2.50E-41	0.422020488	1	0.992	7.20E-37	Epiblast	ENSMODG00000013763
4.50E-63	0.420020376	0.99	0.392	1.30E-58	Epiblast	ENSMODG00000000457
1.04E-30	0.418789388	1	0.996	2.99E-26	Epiblast	ENSMODG00000000361
2.35E-34	0.415704938	1	0.999	6.76E-30	Epiblast	ENSMODG00000009359
3.47E-50	0.415524731	1	0.945	1.00E-45	Epiblast	ENSMODG00000016238
2.53E-35	0.415262317	0.96	0.816	7.29E-31	Epiblast	ENSMODG00000018906
6.53E-26	0.414837411	1	0.846	1.88E-21	Epiblast	ENSMODG00000020858
1.66E-32	0.414066798	1	0.999	4.77E-28	Epiblast	ENSMODG00000006732
4.60E-47	0.413490803	0.97	0.478	1.32E-42	Epiblast	ENSMODG00000009327
5.98E-39	0.41304249	1	0.985	1.72E-34	Epiblast	ENSMODG00000021285
4.09E-46	0.409169374	1	1	1.18E-41	Epiblast	ENSMODG00000024476
6.71E-30	0.40916803	1	0.907	1.93E-25	Epiblast	ENSMODG00000016186
4.68E-28	0.408852709	0.98	0.948	1.35E-23	Epiblast	ENSMODG00000015640
2.69E-31	0.408725976	0.95	0.572	7.74E-27	Epiblast	ENSMODG00000015599
2.06E-32	0.407290575	1	0.954	5.93E-28	Epiblast	ENSMODG00000007271
1.94E-70	0.405615782	0.89	0.169	5.60E-66	Epiblast	ENSMODG00000007929
5.51E-34	0.405103681	1	0.974	1.59E-29	Epiblast	ENSMODG00000010634
7.52E-37	0.402352347	1	0.999	2.17E-32	Epiblast	ENSMODG00000011517
2.22E-75	0.402000531	0.99	0.236	6.41E-71	Epiblast	ENSMODG00000004114
2.61E-45	0.401697961	1	0.986	7.52E-41	Epiblast	ENSMODG00000008004
3.89E-29	0.401438745	1	0.96	1.12E-24	Epiblast	ENSMODG00000000512
2.62E-44	0.400919087	0.97	0.463	7.54E-40	Epiblast	ENSMODG00000010406
1.68E-30	0.400532984	1	0.906	4.84E-26	Epiblast	ENSMODG00000011633
3.48E-38	0.397397508	1	1	1.00E-33	Epiblast	ENSMODG00000017455
2.39E-47	0.39706362	1	0.9	6.88E-43	Epiblast	ENSMODG00000012054
3.55E-22	0.397009052	1	0.891	1.02E-17	Epiblast	ENSMODG00000018083
5.35E-33	0.395703208	1	0.975	1.54E-28	Epiblast	ENSMODG00000009665
1.75E-34	0.393167603	1	0.988	5.03E-30	Epiblast	ENSMODG00000017283
6.02E-27	0.392281388	1	0.747	1.74E-22	Epiblast	ENSMODG00000013792
1.12E-33	0.392125643	1	1	3.23E-29	Epiblast	ENSMODG00000008227
2.34E-36	0.391733508	1	0.87	6.73E-32	Epiblast	ENSMODG00000016669
1.45E-35	0.390877106	1	1	4.19E-31	Epiblast	ENSMODG00000003527
1.68E-40	0.390410919	1	0.997	4.84E-36	Epiblast	ENSMODG00000005701
7.92E-30	0.386707602	1	0.964	2.28E-25	Epiblast	ENSMODG00000017215
2.31E-31	0.385638093	1	0.91	6.65E-27	Epiblast	ENSMODG00000004692
6.94E-38	0.3842429	1	0.997	2.00E-33	Epiblast	ENSMODG00000011261
6.36E-52	0.380890686	1	0.392	1.83E-47	Epiblast	ENSMODG00000017298
2.75E-34	0.37899143	1	1	7.92E-30	Epiblast	ENSMODG00000021539
1.25E-60	0.376508455	0.94	0.25	3.61E-56	Epiblast	ENSMODG00000005212
5.88E-30	0.376086922	1	1	1.70E-25	Epiblast	ENSMODG00000012295
4.06E-18	0.375271919	1	1	1.17E-13	Epiblast	ENSMODG00000004242
2.06E-37	0.37524089	1	0.999	5.93E-33	Epiblast	ENSMODG00000019755
3.03E-38	0.375015831	1	1	8.73E-34	Epiblast	ENSMODG00000009238
1.37E-25	0.373894243	1	0.999	3.95E-21	Epiblast	ENSMODG00000000989
2.36E-50	0.373272035	1	1	6.80E-46	Epiblast	ENSMODG00000023422
1.95E-35	0.373058184	1	0.999	5.62E-31	Epiblast	ENSMODG00000011649
9.21E-27	0.372206921	1	1	2.65E-22	Epiblast	ENSMODG00000021294
1.64E-27	0.371713949	0.98	0.9	4.74E-23	Epiblast	ENSMODG00000016623
1.17E-19	0.371389814	1	0.997	3.37E-15	Epiblast	ENSMODG00000023805
7.60E-37	0.371024119	0.98	0.705	2.19E-32	Epiblast	ENSMODG00000003757
2.31E-31	0.37017274	1	1	6.67E-27	Epiblast	ENSMODG00000008993
1.67E-50	0.369709611	1	0.765	4.81E-46	Epiblast	ENSMODG00000008517
1.81E-24	0.368032269	0.99	0.951	5.22E-20	Epiblast	ENSMODG00000006014
5.65E-29	0.367773994	1	0.949	1.63E-24	Epiblast	ENSMODG00000017396
3.58E-32	0.367153823	1	0.999	1.03E-27	Epiblast	ENSMODG00000019311
3.02E-24	0.367128737	1	0.999	8.69E-20	Epiblast	ENSMODG00000004229
5.57E-28	0.366297156	1	0.943	1.61E-23	Epiblast	ENSMODG00000024233
3.53E-26	0.366172465	1	0.999	1.02E-21	Epiblast	ENSMODG00000009649
5.66E-40	0.365917153	1	1	1.63E-35	Epiblast	ENSMODG00000010312
1.13E-33	0.365107131	1	0.999	3.27E-29	Epiblast	ENSMODG00000009794
1.49E-50	0.365081553	0.97	0.385	4.30E-46	Epiblast	ENSMODG00000014370
4.17E-35	0.364673775	0.97	0.47	1.20E-30	Epiblast	ENSMODG00000008769
1.57E-30	0.36459113	1	0.995	4.54E-26	Epiblast	ENSMODG00000013490
1.30E-15	0.363987178	1	0.999	3.74E-11	Epiblast	ENSMODG00000008679
4.64E-31	0.363930567	1	0.993	1.34E-26	Epiblast	ENSMODG00000013492
9.56E-24	0.36235179	1	1	2.76E-19	Epiblast	ENSMODG00000000391
2.66E-27	0.362037101	1	0.99	7.66E-23	Epiblast	ENSMODG00000014157
2.31E-22	0.360672214	1	0.999	6.66E-18	Epiblast	ENSMODG00000010213
5.21E-22	0.359682891	1	0.936	1.50E-17	Epiblast	ENSMODG00000003883
2.65E-21	0.357074259	1	0.848	7.64E-17	Epiblast	ENSMODG00000013615
9.19E-29	0.356748646	1	0.963	2.65E-24	Epiblast	ENSMODG00000009627
5.13E-27	0.35658354	1	0.99	1.48E-22	Epiblast	ENSMODG00000004032
1.45E-41	0.355141726	0.99	0.956	4.19E-37	Epiblast	ENSMODG00000002688
2.46E-33	0.35412563	1	0.99	7.09E-29	Epiblast	ENSMODG00000012646
1.11E-35	0.35409333	1	0.999	3.21E-31	Epiblast	ENSMODG00000015545
3.49E-20	0.353667183	1	0.989	1.01E-15	Epiblast	ENSMODG00000001152
3.14E-28	0.352942535	1	0.989	9.06E-24	Epiblast	ENSMODG00000017709
3.83E-16	0.352836503	1	1	1.10E-11	Epiblast	ENSMODG00000006515
1.11E-25	0.352734146	1	0.966	3.19E-21	Epiblast	ENSMODG00000010196
1.79E-32	0.352513177	1	0.977	5.16E-28	Epiblast	ENSMODG00000012368
1.69E-29	0.351709123	1	0.996	4.86E-25	Epiblast	ENSMODG00000007912
7.40E-24	0.351514523	1	0.999	2.13E-19	Epiblast	ENSMODG00000019732
1.34E-30	0.351021268	1	0.732	3.87E-26	Epiblast	ENSMODG00000003628
6.77E-22	0.350351733	1	1	1.95E-17	Epiblast	ENSMODG00000000603
2.83E-28	0.350007743	1	0.87	8.15E-24	Epiblast	ENSMODG00000003557
1.07E-33	0.349108034	0.99	0.918	3.09E-29	Epiblast	ENSMODG00000000137
1.98E-30	0.349051707	1	0.934	5.70E-26	Epiblast	ENSMODG00000014236
7.12E-31	0.348412809	1	0.97	2.05E-26	Epiblast	ENSMODG00000016904
1.43E-25	0.347647649	1	0.943	4.13E-21	Epiblast	ENSMODG00000008760
1.97E-48	0.347509937	1	0.999	5.67E-44	Epiblast	ENSMODG00000013151
2.83E-40	0.346969805	1	0.997	8.16E-36	Epiblast	ENSMODG00000008519
8.26E-30	0.346928313	1	0.988	2.38E-25	Epiblast	ENSMODG00000029372
1.58E-37	0.34627939	1	0.739	4.56E-33	Epiblast	ENSMODG00000018312
1.01E-38	0.344223589	1	0.964	2.90E-34	Epiblast	ENSMODG00000010255
2.58E-38	0.343809611	1	1	7.43E-34	Epiblast	ENSMODG00000006606
9.86E-61	0.342661929	0.94	0.266	2.84E-56	Epiblast	ENSMODG00000003070
4.99E-25	0.341898702	0.99	0.81	1.44E-20	Epiblast	ENSMODG00000018275
3.91E-18	0.340247091	1	0.996	1.13E-13	Epiblast	ENSMODG00000020088
2.65E-33	0.339497147	0.95	0.684	7.62E-29	Epiblast	ENSMODG00000002766
1.50E-36	0.339014903	1	0.993	4.32E-32	Epiblast	ENSMODG00000028858
2.84E-60	0.337832225	0.99	0.443	8.18E-56	Epiblast	ENSMODG00000028857
4.51E-23	0.337828872	0.99	0.921	1.30E-18	Epiblast	ENSMODG00000008635
9.00E-18	0.337311874	1	0.996	2.59E-13	Epiblast	ENSMODG00000000755
9.54E-20	0.336265798	1	0.986	2.75E-15	Epiblast	ENSMODG00000007323
2.07E-30	0.33616882	1	0.893	5.97E-26	Epiblast	ENSMODG00000008572
2.75E-44	0.33583225	1	1	7.92E-40	Epiblast	ENSMODG00000007275
7.49E-23	0.332991783	1	0.947	2.16E-18	Epiblast	ENSMODG00000025735
2.20E-20	0.332418486	1	0.918	6.33E-16	Epiblast	ENSMODG00000012189
2.95E-34	0.331818152	1	1	8.50E-30	Epiblast	ENSMODG00000006076
6.59E-33	0.331786322	1	1	1.90E-28	Epiblast	ENSMODG00000005983
6.12E-29	0.331286141	1	0.996	1.76E-24	Epiblast	ENSMODG00000016285
5.74E-35	0.330921225	1	0.959	1.66E-30	Epiblast	ENSMODG00000006290
2.85E-19	0.329929814	1	1	8.22E-15	Epiblast	ENSMODG00000017937
6.23E-32	0.32876079	1	0.999	1.79E-27	Epiblast	ENSMODG00000017376
7.40E-25	0.328302927	1	0.896	2.13E-20	Epiblast	ENSMODG00000015250
7.77E-24	0.328301098	1	0.984	2.24E-19	Epiblast	ENSMODG00000025138
1.40E-29	0.327985015	1	1	4.03E-25	Epiblast	ENSMODG00000016089
2.26E-17	0.327285373	1	0.962	6.50E-13	Epiblast	ENSMODG00000000716
1.97E-28	0.32717392	1	0.997	5.67E-24	Epiblast	ENSMODG00000021041
8.26E-25	0.32569161	1	0.993	2.38E-20	Epiblast	ENSMODG00000000167
2.67E-27	0.325362901	1	0.996	7.70E-23	Epiblast	ENSMODG00000021302
2.44E-50	0.323710694	0.97	0.383	7.02E-46	Epiblast	ENSMODG00000010647
3.84E-23	0.323143306	1	0.996	1.11E-18	Epiblast	ENSMODG00000003331
5.54E-49	0.322446484	1	0.986	1.60E-44	Epiblast	ENSMODG00000006291
3.44E-22	0.321720826	1	0.891	9.91E-18	Epiblast	ENSMODG00000009629
5.29E-50	0.321296101	0.99	0.648	1.52E-45	Epiblast	ENSMODG00000018808
4.10E-17	0.321262373	1	0.969	1.18E-12	Epiblast	ENSMODG00000012451
2.08E-34	0.321096881	1	1	6.00E-30	Epiblast	ENSMODG00000008362
1.93E-27	0.32050971	1	0.996	5.56E-23	Epiblast	ENSMODG00000015177
1.20E-24	0.320176304	0.99	0.934	3.45E-20	Epiblast	ENSMODG00000019221
3.62E-11	0.320102254	1	0.995	1.04E-06	Epiblast	ENSMODG00000024572
1.56E-27	0.319847017	1	1	4.49E-23	Epiblast	ENSMODG00000015526
1.63E-26	0.319701137	1	1	4.71E-22	Epiblast	ENSMODG00000006539
2.82E-25	0.318363509	1	1	8.14E-21	Epiblast	ENSMODG00000008091
2.42E-37	0.317592499	1	0.999	6.96E-33	Epiblast	ENSMODG00000013816
9.38E-48	0.317487715	0.99	0.54	2.70E-43	Epiblast	ENSMODG00000004428
1.84E-30	0.316512113	1	0.995	5.29E-26	Epiblast	ENSMODG00000008642
3.88E-75	0.316465895	0.83	0.102	1.12E-70	Epiblast	ENSMODG00000002007
2.48E-20	0.316442832	0.99	0.81	7.16E-16	Epiblast	ENSMODG00000004466
4.47E-24	0.31621374	1	0.962	1.29E-19	Epiblast	ENSMODG00000006838
7.43E-24	0.31526156	1	0.985	2.14E-19	Epiblast	ENSMODG00000003327
6.90E-25	0.315188827	1	0.995	1.99E-20	Epiblast	ENSMODG00000001364
2.47E-22	0.314764128	1	0.996	7.11E-18	Epiblast	ENSMODG00000016325
2.24E-22	0.314673231	0.9	0.645	6.46E-18	Epiblast	ENSMODG00000017487
3.44E-25	0.314435714	0.99	0.799	9.92E-21	Epiblast	ENSMODG00000015132
4.63E-17	0.314119509	1	1	1.33E-12	Epiblast	ENSMODG00000013152
8.09E-29	0.313563838	1	0.997	2.33E-24	Epiblast	ENSMODG00000013502
5.24E-29	0.312929719	1	0.996	1.51E-24	Epiblast	ENSMODG00000011225
2.11E-41	0.31250323	0.99	0.549	6.08E-37	Epiblast	ENSMODG00000002604
2.38E-42	0.311388682	0.94	0.388	6.85E-38	Epiblast	ENSMODG00000018625
1.81E-48	0.311178914	1	0.704	5.22E-44	Epiblast	ENSMODG00000017300
5.59E-37	0.311118313	0.99	0.94	1.61E-32	Epiblast	ENSMODG00000027579
3.63E-55	0.310751163	0.88	0.191	1.05E-50	Epiblast	ENSMODG00000016421
3.93E-34	0.310589376	0.93	0.459	1.13E-29	Epiblast	ENSMODG00000000692
1.28E-27	0.310551958	1	0.996	3.70E-23	Epiblast	ENSMODG00000017415
1.41E-31	0.310363611	0.98	0.945	4.07E-27	Epiblast	ENSMODG00000013933
4.08E-34	0.310342995	1	0.847	1.18E-29	Epiblast	ENSMODG00000009823
9.27E-25	0.310323716	0.99	0.79	2.67E-20	Epiblast	ENSMODG00000013963
2.05E-25	0.309855698	0.99	0.694	5.92E-21	Epiblast	ENSMODG00000020516
3.25E-41	0.309624237	0.99	0.799	9.38E-37	Epiblast	ENSMODG00000000094
6.08E-21	0.309442336	1	0.99	1.75E-16	Epiblast	ENSMODG00000016200
2.62E-18	0.309438473	1	1	7.56E-14	Epiblast	ENSMODG00000003133
8.25E-31	0.309116111	0.99	0.869	2.38E-26	Epiblast	ENSMODG00000016918
5.04E-24	0.308748023	1	1	1.45E-19	Epiblast	ENSMODG00000012289
3.14E-38	0.308146715	0.93	0.441	9.06E-34	Epiblast	ENSMODG00000004702
5.23E-20	0.307830421	1	0.988	1.51E-15	Epiblast	ENSMODG00000009005
1.94E-14	0.307623164	1	0.954	5.60E-10	Epiblast	ENSMODG00000006439
7.44E-20	0.307050083	1	0.989	2.14E-15	Epiblast	ENSMODG00000001854
3.79E-25	0.306442708	0.99	0.922	1.09E-20	Epiblast	ENSMODG00000007569
4.06E-14	0.305674876	1	0.947	1.17E-09	Epiblast	ENSMODG00000002355
4.22E-27	0.304759541	1	0.963	1.22E-22	Epiblast	ENSMODG00000006554
2.46E-33	0.304233719	1	1	7.09E-29	Epiblast	ENSMODG00000005517
5.33E-23	0.304212087	1	0.97	1.53E-18	Epiblast	ENSMODG00000014598
1.99E-22	0.303998287	1	0.997	5.74E-18	Epiblast	ENSMODG00000011070
9.66E-19	0.303275638	1	0.989	2.78E-14	Epiblast	ENSMODG00000013486
2.66E-50	0.303165191	1	0.995	7.66E-46	Epiblast	ENSMODG00000019735
1.79E-14	0.302998158	1	0.977	5.15E-10	Epiblast	ENSMODG00000007730
8.17E-22	0.302771143	1	0.921	2.35E-17	Epiblast	ENSMODG00000016178
2.24E-61	0.302638346	0.99	0.332	6.46E-57	Epiblast	ENSMODG00000014029
6.88E-22	0.302420384	1	0.967	1.98E-17	Epiblast	ENSMODG00000014971
5.01E-36	0.301110151	0.99	0.888	1.44E-31	Epiblast	ENSMODG00000001990
8.94E-38	0.30042985	1	0.876	2.58E-33	Epiblast	ENSMODG00000004518
2.45E-09	0.300308246	1	1	7.06E-05	Epiblast	ENSMODG00000001889
3.43E-42	0.299981783	1	0.84	9.89E-38	Epiblast	ENSMODG00000004313
1.03E-33	0.298632127	1	1	2.96E-29	Epiblast	ENSMODG00000007125
4.73E-18	0.29792961	1	0.995	1.36E-13	Epiblast	ENSMODG00000008952
6.19E-30	0.297914118	1	1	1.78E-25	Epiblast	ENSMODG00000008870
2.08E-35	0.297597922	0.95	0.533	5.99E-31	Epiblast	ENSMODG00000003244
5.69E-21	0.296702717	0.99	0.974	1.64E-16	Epiblast	ENSMODG00000003072
9.83E-29	0.295730779	1	0.997	2.83E-24	Epiblast	ENSMODG00000013248
9.20E-15	0.295649015	1	1	2.65E-10	Epiblast	ENSMODG00000002653
1.25E-24	0.295452364	1	0.986	3.60E-20	Epiblast	ENSMODG00000010207
7.10E-22	0.295343897	1	0.896	2.05E-17	Epiblast	ENSMODG00000011681
1.10E-30	0.29516657	1	0.97	3.16E-26	Epiblast	ENSMODG00000002896
1.43E-23	0.295000472	1	0.999	4.11E-19	Epiblast	ENSMODG00000013913
6.55E-23	0.294868347	0.99	0.962	1.89E-18	Epiblast	ENSMODG00000012080
4.86E-47	0.294527611	0.91	0.291	1.40E-42	Epiblast	ENSMODG00000013744
8.74E-34	0.294144406	1	1	2.52E-29	Epiblast	ENSMODG00000016692
7.21E-30	0.293826673	1	1	2.08E-25	Epiblast	ENSMODG00000011528
2.98E-15	0.293807629	1	0.996	8.58E-11	Epiblast	ENSMODG00000004445
2.23E-28	0.293789455	1	0.964	6.44E-24	Epiblast	ENSMODG00000014172
8.56E-30	0.293678909	1	1	2.47E-25	Epiblast	ENSMODG00000018933
1.69E-23	0.293319981	1	0.995	4.87E-19	Epiblast	ENSMODG00000018345
1.14E-23	0.29328857	0.99	0.964	3.28E-19	Epiblast	ENSMODG00000009764
5.91E-20	0.29304562	1	0.988	1.70E-15	Epiblast	ENSMODG00000010549
5.73E-17	0.292548306	1	0.96	1.65E-12	Epiblast	ENSMODG00000017338
1.22E-31	0.292471442	0.97	0.697	3.53E-27	Epiblast	ENSMODG00000015229
1.07E-26	0.291592219	1	0.958	3.07E-22	Epiblast	ENSMODG00000004085
1.90E-45	0.291282468	0.96	0.458	5.47E-41	Epiblast	ENSMODG00000001954
7.50E-21	0.291264688	1	1	2.16E-16	Epiblast	ENSMODG00000000376
1.78E-23	0.290721977	1	0.999	5.12E-19	Epiblast	ENSMODG00000003801
3.85E-40	0.290035592	0.93	0.518	1.11E-35	Epiblast	ENSMODG00000003226
1.33E-19	0.290029072	1	0.951	3.83E-15	Epiblast	ENSMODG00000007536
4.09E-26	0.289674104	1	0.984	1.18E-21	Epiblast	ENSMODG00000025134
8.25E-23	0.287673537	0.97	0.807	2.38E-18	Epiblast	ENSMODG00000014642
5.88E-24	0.287528276	1	0.996	1.69E-19	Epiblast	ENSMODG00000004223
1.38E-22	0.287159255	1	1	3.98E-18	Epiblast	ENSMODG00000020386
1.72E-21	0.287100291	1	0.932	4.97E-17	Epiblast	ENSMODG00000020836
9.60E-14	0.28680899	1	0.951	2.77E-09	Epiblast	ENSMODG00000018603
7.62E-29	0.28639412	1	0.999	2.20E-24	Epiblast	ENSMODG00000016824
4.13E-28	0.286372678	1	0.779	1.19E-23	Epiblast	ENSMODG00000029013
4.93E-16	0.286191058	1	0.999	1.42E-11	Epiblast	ENSMODG00000016352
1.40E-23	0.286037105	1	0.997	4.04E-19	Epiblast	ENSMODG00000008236
2.03E-26	0.285944239	1	0.985	5.84E-22	Epiblast	ENSMODG00000008180
6.05E-34	0.28591231	1	1	1.74E-29	Epiblast	ENSMODG00000008785
5.94E-29	0.284806304	1	1	1.71E-24	Epiblast	ENSMODG00000016081
9.10E-24	0.28473464	1	1	2.62E-19	Epiblast	ENSMODG00000003629
2.99E-18	0.284219952	1	0.939	8.62E-14	Epiblast	ENSMODG00000015967
8.83E-19	0.283586722	0.99	0.947	2.55E-14	Epiblast	ENSMODG00000015360
7.65E-18	0.283579334	1	1	2.21E-13	Epiblast	ENSMODG00000019596
3.61E-35	0.283542691	0.98	0.75	1.04E-30	Epiblast	ENSMODG00000013187
8.07E-18	0.282453436	1	0.93	2.33E-13	Epiblast	ENSMODG00000015865
9.30E-35	0.282328284	1	0.999	2.68E-30	Epiblast	ENSMODG00000009189
3.95E-49	0.282235122	0.9	0.305	1.14E-44	Epiblast	ENSMODG00000021201
9.19E-58	0.281174512	0.95	0.264	2.65E-53	Epiblast	ENSMODG00000018585
1.41E-25	0.281116104	0.93	0.563	4.07E-21	Epiblast	ENSMODG00000009945
9.06E-62	0.280276551	0.85	0.152	2.61E-57	Epiblast	ENSMODG00000005421
9.14E-21	0.279926059	1	1	2.63E-16	Epiblast	ENSMODG00000015791
7.68E-21	0.279451072	0.98	0.81	2.21E-16	Epiblast	ENSMODG00000004051
3.26E-26	0.278285284	1	0.995	9.39E-22	Epiblast	ENSMODG00000017078
1.32E-28	0.277739338	1	0.992	3.81E-24	Epiblast	ENSMODG00000008714
1.26E-23	0.277164331	1	1	3.64E-19	Epiblast	ENSMODG00000005428
5.67E-82	0.276317763	0.94	0.134	1.63E-77	Epiblast	ENSMODG00000014366
6.50E-23	0.276229608	1	0.934	1.87E-18	Epiblast	ENSMODG00000006944
3.00E-21	0.275489593	1	0.984	8.65E-17	Epiblast	ENSMODG00000014313
1.72E-24	0.274764201	1	1	4.96E-20	Epiblast	ENSMODG00000020484
1.14E-14	0.274561559	1	1	3.28E-10	Epiblast	ENSMODG00000010826
9.15E-32	0.274285735	1	0.956	2.64E-27	Epiblast	ENSMODG00000005474
1.32E-17	0.274099462	1	0.995	3.80E-13	Epiblast	ENSMODG00000012887
1.93E-28	0.273415887	1	1	5.56E-24	Epiblast	ENSMODG00000014880
8.35E-17	0.273276406	1	0.996	2.41E-12	Epiblast	ENSMODG00000015260
9.94E-22	0.273093904	1	0.999	2.86E-17	Epiblast	ENSMODG00000010589
1.19E-46	0.272916195	0.91	0.347	3.42E-42	Epiblast	ENSMODG00000001630
1.32E-28	0.272703869	1	0.954	3.80E-24	Epiblast	ENSMODG00000004617
2.17E-23	0.272339815	1	0.99	6.26E-19	Epiblast	ENSMODG00000013641
4.17E-22	0.27225355	1	0.993	1.20E-17	Epiblast	ENSMODG00000006342
1.16E-22	0.271984252	0.97	0.914	3.34E-18	Epiblast	ENSMODG00000003984
4.05E-14	0.271394459	1	1	1.17E-09	Epiblast	ENSMODG00000008402
7.73E-19	0.271335392	1	0.992	2.23E-14	Epiblast	ENSMODG00000018822
1.32E-22	0.271227092	1	1	3.81E-18	Epiblast	ENSMODG00000003254
1.41E-16	0.27021392	0.99	0.701	4.05E-12	Epiblast	ENSMODG00000024995
1.48E-17	0.270167415	1	0.988	4.28E-13	Epiblast	ENSMODG00000016144
4.37E-28	0.269981827	1	0.858	1.26E-23	Epiblast	ENSMODG00000019406
4.93E-20	0.26955251	1	0.996	1.42E-15	Epiblast	ENSMODG00000002570
2.50E-15	0.269378349	1	1	7.21E-11	Epiblast	ENSMODG00000013730
3.75E-30	0.269377711	0.94	0.563	1.08E-25	Epiblast	ENSMODG00000004080
5.49E-43	0.269145703	1	0.99	1.58E-38	Epiblast	ENSMODG00000019465
5.57E-18	0.269089389	1	0.99	1.60E-13	Epiblast	ENSMODG00000004396
7.32E-21	0.268842993	1	0.984	2.11E-16	Epiblast	ENSMODG00000015342
1.96E-21	0.26853919	1	0.982	5.65E-17	Epiblast	ENSMODG00000008120
1.12E-23	0.268271196	1	0.954	3.23E-19	Epiblast	ENSMODG00000009547
1.47E-21	0.267965168	0.99	0.98	4.24E-17	Epiblast	ENSMODG00000013679
7.65E-25	0.26739899	1	0.954	2.20E-20	Epiblast	ENSMODG00000015561
5.00E-33	0.267318088	0.98	0.862	1.44E-28	Epiblast	ENSMODG00000007947
1.23E-24	0.267099858	0.97	0.835	3.55E-20	Epiblast	ENSMODG00000017738
2.21E-21	0.266912649	1	0.993	6.37E-17	Epiblast	ENSMODG00000001566
7.94E-31	0.266419121	1	0.995	2.29E-26	Epiblast	ENSMODG00000021547
1.43E-32	0.265637415	1	0.738	4.13E-28	Epiblast	ENSMODG00000019381
5.08E-49	0.265437827	0.94	0.41	1.46E-44	Epiblast	ENSMODG00000004233
1.04E-29	0.265352554	0.97	0.716	2.99E-25	Epiblast	ENSMODG00000014232
1.40E-28	0.265164187	1	0.984	4.05E-24	Epiblast	ENSMODG00000010200
2.34E-25	0.264245338	1	0.951	6.76E-21	Epiblast	ENSMODG00000009007
3.76E-34	0.263889085	0.97	0.529	1.08E-29	Epiblast	ENSMODG00000018226
6.90E-27	0.263836076	0.93	0.687	1.99E-22	Epiblast	ENSMODG00000027869
8.29E-22	0.263278781	1	0.993	2.39E-17	Epiblast	ENSMODG00000007123
2.94E-27	0.263110115	1	0.934	8.47E-23	Epiblast	ENSMODG00000029125
1.35E-25	0.26298008	0.95	0.686	3.89E-21	Epiblast	ENSMODG00000000906
5.45E-17	0.262647605	1	0.878	1.57E-12	Epiblast	ENSMODG00000003122
6.06E-09	0.262564696	1	0.951	0.000174749	Epiblast	ENSMODG00000020527
1.19E-17	0.262526446	1	0.962	3.42E-13	Epiblast	ENSMODG00000002113
2.01E-16	0.261687721	0.99	0.986	5.80E-12	Epiblast	ENSMODG00000000968
2.75E-25	0.261447954	1	0.996	7.91E-21	Epiblast	ENSMODG00000019559
8.15E-16	0.260888565	1	1	2.35E-11	Epiblast	ENSMODG00000024952
3.47E-24	0.260751853	1	0.99	1.00E-19	Epiblast	ENSMODG00000015729
1.28E-22	0.260578694	1	0.951	3.68E-18	Epiblast	ENSMODG00000015916
1.07E-15	0.259882129	0.96	0.862	3.09E-11	Epiblast	ENSMODG00000015027
8.66E-23	0.259852165	1	0.974	2.50E-18	Epiblast	ENSMODG00000013457
3.75E-27	0.259827568	0.99	0.779	1.08E-22	Epiblast	ENSMODG00000020339
1.77E-18	0.259542751	1	0.993	5.10E-14	Epiblast	ENSMODG00000007319
2.37E-22	0.259400866	1	0.999	6.84E-18	Epiblast	ENSMODG00000005549
9.58E-22	0.259228267	1	0.962	2.76E-17	Epiblast	ENSMODG00000015273
1.60E-18	0.259052148	0.99	0.944	4.61E-14	Epiblast	ENSMODG00000008812
3.32E-23	0.258711765	0.99	0.84	9.58E-19	Epiblast	ENSMODG00000014169
6.34E-26	0.258618457	1	1	1.83E-21	Epiblast	ENSMODG00000013191
3.96E-29	0.258188686	1	1	1.14E-24	Epiblast	ENSMODG00000005330
5.69E-20	0.258186917	0.99	0.952	1.64E-15	Epiblast	ENSMODG00000024669
1.89E-58	0.25786694	0.87	0.184	5.45E-54	Epiblast	ENSMODG00000002927
5.02E-35	0.257369296	1	1	1.45E-30	Epiblast	ENSMODG00000000526
2.61E-18	0.257307482	0.98	0.835	7.53E-14	Epiblast	ENSMODG00000007801
6.29E-27	0.256687581	0.91	0.473	1.81E-22	Epiblast	ENSMODG00000025295
7.77E-52	0.256317267	0.99	0.552	2.24E-47	Epiblast	ENSMODG00000017473
1.27E-32	0.255885997	1	0.944	3.65E-28	Epiblast	ENSMODG00000000611
5.98E-13	0.255560194	1	0.954	1.72E-08	Epiblast	ENSMODG00000002859
3.58E-32	0.255215141	0.99	0.723	1.03E-27	Epiblast	ENSMODG00000021234
1.87E-14	0.255054589	1	0.999	5.39E-10	Epiblast	ENSMODG00000018248
2.23E-52	0.254082183	0.98	0.357	6.42E-48	Epiblast	ENSMODG00000018035
1.37E-56	0.253995464	0.96	0.322	3.96E-52	Epiblast	ENSMODG00000010660
1.84E-19	0.253289605	0.97	0.783	5.30E-15	Epiblast	ENSMODG00000007207
3.37E-25	0.252799431	0.96	0.902	9.71E-21	Epiblast	ENSMODG00000011382
3.59E-35	0.252455515	1	0.99	1.03E-30	Epiblast	ENSMODG00000000226
1.33E-15	0.252442835	1	0.98	3.84E-11	Epiblast	ENSMODG00000011533
5.50E-45	0.252400927	0.97	0.455	1.59E-40	Epiblast	ENSMODG00000016466
1.22E-16	0.252346074	1	0.975	3.52E-12	Epiblast	ENSMODG00000004053
4.28E-21	0.251881792	1	1	1.23E-16	Epiblast	ENSMODG00000002882
1.86E-25	0.25187072	1	0.999	5.37E-21	Epiblast	ENSMODG00000028394
9.51E-19	0.251846345	1	0.993	2.74E-14	Epiblast	ENSMODG00000017157
2.58E-19	0.251833241	0.98	0.941	7.45E-15	Epiblast	ENSMODG00000000962
5.98E-22	0.251183019	1	1	1.72E-17	Epiblast	ENSMODG00000023391
7.39E-18	0.250944342	1	0.996	2.13E-13	Epiblast	ENSMODG00000009161
3.98E-27	0.250618635	1	0.907	1.15E-22	Epiblast	ENSMODG00000009893
6.77E-28	0.250344883	0.97	0.781	1.95E-23	Epiblast	ENSMODG00000005657